$ANSIBLE_VAULT;1.1;AES256
34316337303838393238373165303962353732383730303863646663616364346163316266373739
3165336336333433323336613836323239323039373566350a303063323339626231303961303631
31356161613037633435626437396664363433613863363764613165613137653935353466666161
3965366165343534610a356630613934356335373965343363336632363361396165623366353634
31613237643535363764666437613735396232323332343237393566333732396238623634653633
30636536666539633532303264303462393163376235346362386535626430366163363366383337
33376135306239303165333166353364383966346463333933333539353665393639303038303238
35303165323864393334636161353430306661376262303361363738343464313538653135396264
35326332343561313464303662663937663132346663303437616533383365393837636531633763
34383930393763653761333235363665616238623866396462653962613237633561363866653065
30626231343535363433356532646531363233366261333234363737343661633665626666613330
30326230633564353738313663666161333763663031613038623439616533626234396631663534
62616231643662613964386161393362326461656434656133316538303432613138303564326333
37623833653030616531633661313936366265636462333934383966303965313566366266396662
31376462303761373931326531646365393264636466366632623561336235343038303435656163
64626134386134353639373634326239653163303731363363366464353931343664316463363533
65323162326631376163656332636239623833346232626436383139623934366538353332323461
32613637376533643232663832613265613837623330666632643334336539626261633664666335
39616535386138623361653534306437356262663339623430643863383266663235626333626363
32376263336364313431306463613462653037383962366163633863613236363834313533333830
65393262356661303431376461656363386131393338316662343431343461643663326464623465
35326564613633353536646233626331396636356166663730363461633866376536353934306434
38633762363064373438333538393161663033346531376363646264626264663164633664636562
65323731636566646666366538386465633136336531626135346233633566656337383134306330
66396161316163363763666634356466313562376433663239303832313236396136613765646663
35303337633538343636303931396133303638353238346433303061353532353264633334333861
30336438373437633835623961626633303731666237663464383638666631386237393963626261
64383466353834653935376131386136313239396264303632393761623266313731633036636536
37313764353735633537333532323733316136363564313633613264616136383665613538343538
32333965393964343933353536396466346463363365616439643936613663646135343464336134
61633461323164663061646631633234353064373766646266623733633630623135663830323338
63393535373161313264653666663137393737643965626230616636383835343033633064353933
39373864383633623763326533336237343635303031616566326239646536303566623536333330
34386563326539613636376637643835616161303437636465313131653161353537663038353966
64633561623631363338323636336333623032663163383133356564363230326436626338666361
65366665373432386232636237363064393462626436363237346462666334653036636434336362
62396433646333386565353630653738363635653763373766306333393937313934613430643436
31626239366665626666643062636237363432616330303763623061313464316237613238363539
31333636326335393331333738663138373334666131623939323363373435376535323265666332
38613663346633393535326339613134333231323438633963346639393738343836326234653066
65333637373333346462313437366362643934323266316131633962386436346633333930353634
33633464653036373965396462363830323231393337333933393765613534356339323762396466
39383334363165386531646239303036623561376464333839313366303437323038353034653131
63356262643338336331656636623038633662653735623064373961323564616366386163363961
37383838633965383237353865353533633761353761666164303139336438363038666634346536
64326639303434653431626364386339653533303034343238636632633131356532343133376265
37656133343337383432323737396261653739323438393666376362386163643766373364633239
65306133373432323730353161326130306666623530356161343638653633343864353131633232
63666235313766393738653631323265663237386365346631663230613364653962303663306362
36373737343533613934313164306630613838653534663131323135666431346137376163623737
37623732633432393035343932363934383732653038623634303032383935353861363939633836
31363366393334376334646463636161353561656130656535356261633066313163636137623333
39306435613939336161646531653766613333653932313363316233666538313163636434326530
61643839396639636263326165646137383434363261373363666563666634653831623762353462
61663736393564643836373532363465666236623038306332663763376639663964376164326438
64313365316465666636643230393531313063363236303361316636353039353939363565626231
61386531666661316163373564623338333639626530373032306563663134343636
