$ANSIBLE_VAULT;1.1;AES256
63383665623434376132656633623036623639333030386434643739623831623836623739326536
3239323066333365646633303835326364356430616464300a613630623533393165343239383137
64323565323431653530643235343030373562393838303038636432666539653666356162386138
6531376362336232610a373738653339303164343433373335383862356637653136383032363833
36343038303233313061383439303736303064643034363436363934313534633634316565656234
32366637313232623039386533613730653334383163643362666532613163333865626232383762
63326263306261643139653032356331373830316638383037376661353638316238666637333437
66363861363966306563333666656438396437653461366261646233623362666134336565346337
38623335393739363338613530383665383733633830326538653231373930636330373636633566
35623366613766633961363535353339373365373131613034393634306134303735353435663830
36663736383061383635663364363061356261356132623330333038653634303161346139363938
66326164383734343033363366616230313735316462656463343538343937313564623061306161
61393936383231643961393136366265616263633365656434353638636230653833353661303431
37346163646365633964643035306339393036633766666238336430323333623336303464376163
35616230623161623430373036633333356638373538656639633632663330363736353564383566
61656331393130383330663330643065396433623239353936663930633163363462356634363162
32383362343432363165646237386130333662326332326465643032336532393766316363643632
33663937373436636265616165303962346539376663616262616663626161653361656530386161
64356463633533343734613130383735656132366433353962623762323265323662653333363164
63656432373630326335656336323362623638363961663832663764356538353637613866643933
35363436383332643964626636373665303264373035363039623135326537343533643135666666
65653436393831393232383539373138383637343265656564613134663135623864656338373037
65353334386135653231626434306630303139373563653866303831346333396435656263393338
34373536383432306665323764343839373039386235316336323961313333623066353462616435
36303930386561633965383664306131323534353434636462303564663538656565356138623236
34616530376461363731653066643261643562666133656534636235373464323331376533646433
64613338303061656663656135636437336136653430636136643961633961316165383734663566
61666563643537333731343861393763343262373864373034653335313465363339306634376463
37353134363363613530333735316136316334356639396332623264653334396331613665653232
31653834613266303332653539656437636362646236383165313032383033353631656331653661
64356339373238643663303330346131353235396139663439366366666433313665626538343364
62353462653534613235373935613731646663633635663364323563633039316134366437623038
62633931303438666430373839663939373038303238626665663334663230613135373166363666
38303234623562343131316162393836376362633435613633383164643335336365323332663563
31316261393065346532643063376336613732623634366631336534643931636330383834333337
32363236306333313136363664343331383964646361636566626239366530336535636332623264
66613736346337326538386362663533306564613834323233326131383932363161636264353636
66653437343533383934643166376433373830306539613634663239613064346565326135636364
37613237366236313832383331303435626563393564613763626336346134303764333661343166
62633536666461306330386161366261373932326461383262353761346338306364303364633739
62393936326538396266386431643266363361373634626663626364643230613066643033616261
66313536313866373132323064666363376663336635633139633835393163333837613338613833
35653933313534656433663262653865333533333764353033613364373531666137383736613636
34306232646537393066313238323839333235353039656464643231386232396437386635393939
38333863323262626436306432363734313863313034353239343863356261343861363138306265
63613562333837363835396666323533326461336462383335666136636666343432663765353738
34386165663938323633383238626234343434356138353365666238373234656664623538343839
38386165393733346165346138613033386138333761663239363437336234356664386332303831
34643366656638303264623631336636333333623961616133393538333464306362366436306461
32653031646333646132653438376434303037373965333466633233333539363963393632306631
33343037626365353237346263646338306337383163356363663234336261373062633164666463
62623866396632646530643362313462343762313663346463663161366336333737363932386366
30393630656331396538356239303661393734346165396239626635656466613165366466356531
64383465316164353332313462666463653163663635646139303963356363666364613235333764
37326234336565336338363938396536393266346136306330656132336664653563663936373134
64643665633564393064613337383831616638303134336236333735336533366234616136643537
36663234343861643162346130626665303933303230633264653334643630373839333436356139
34313961363135346264346438653038316663656337343731636333313537666263653236646230
64633533316335663933396335666133613638313836613863383130336231663235373332633661
39363165396232613533393564656537633037633464333638383535663863656236363661303864
39363937643663366538646237393464666263393230323832336633366330323761363065646133
33656663623763386261646363333035383730313363636238633337656366373064366262626364
31383932363863363833393564633862376662623961373965613938356332343638626533333064
32336666343432386464316530326232626261353064363761306666376533623662666430613666
38393931303232343838376339356339616461343332366339343965323363363066616164303536
32656134343665393432333136666532323635303962616365623363613339646566356166633430
31643961323930616234633364646534663137356230313761636337333465353861626435303036
35316265626165653337303333383264616136663330623038643130323935353764653839303566
30623863653030663533646161366265643435646664393838373935613065663065616134323766
64313533306633393765666566643561666332306166373635646266326437633332363764346639
63386439313239666139353231643366303132343530363739613238313466633138306235323235
66666562613435316666313434333037633762633338643032353634643137366662353831613934
30653733343736663635636238326137346666363736363638333334663935396462643634623065
65626331323765303337366662333636663937653239323632636661313635343133336562373465
36303666633437663361346163386533393938366631623164393834626537323831313061386462
36623731626563323731356366383834303739366462353237336466346633623537633233663639
64613137316461656466323832663539623066616438393634653539376431613534393264643737
38373333343637653165373034343631663662616536363965323931303166313066633362626664
37336666613635666239316566396635616333623833613938366639633738363338373863353537
34393430633534393037303363303137623239356433306361376366306334646334396161306134
31316564333065373433373461373638323639356633363263343937386338383963656264383639
65363132626164616538396532313263653664303131326362613862613332646131366262303761
37373032366333333939316438326135376566373234323635386637366237633965623539623233
64346530616532383537363739633764663062303037336566303233353336633639623132346232
33633037356364653162656362363731343363613862323639626134343133643763653032366664
65623964656330376561393830633835363463396433643037333963613963646366303764363838
36373764613834656663666264636663356430626338633362323934653362623164363763313732
34333764613738396634626265376564343065353264376463653231346431343938613466316230
35663334626366393261363237333339613433383634306438353564633832643231646336336334
31386564656163356234616162376236343833373965313838333532303134386261653338343664
62313132356533613235666432383038626465643539333266303231346639666361353563353035
61326338366531383061653434383963306133663662386266313532386432613638393239333063
35633235393834356265363236653033373461656635393662383366346662623763353834346233
30616336326331663831623961636338353465663164633139333461643136666137386661666430
36636362326437343434316437626166326639623539333036393964383939373535643139666336
31633135343539633562393664363962373530306430633136626330313965653730303264393530
64353235656161613937353365666638383531383539613661383162656335363863393931356236
64656263346339356463653462383861656161623133396234623335623535353735316636373966
66353538643164356362653930613863356437643761343564336434313332646133313063396632
63306536373931326330303562623239373166336662653735363935626135366435656130393439
61333565376566313735663966613662616363303131643538343730626538373262616532383834
38306665376266316366623337366430656564386464346230373231636364333937333339336332
35303264303762346337623463393962383235363466623366613164303863306432393663623861
34316233343037353534663430336332396139666362383330306237633762393364313964636561
35306235666130333730373634333339393235653437626562616265316163623435346133653163
63386432373361303465363366646230336132346630666530616230326436316631656365343961
35663838383964313439396233633861333332313639653833303531653433343839356566383466
64643733303061363634636331313832333961326639336238616161626365316133373634643666
37396232626231663463636563663062623636383463373233356564316133343736303431356532
30633064356461383834643631373231306634376433383937646139663538653865643837343738
33396635333937373261343766656563366339663762303866643363376339623164643863376366
61393966343537663038306431643061653130383632383039666430663363663032303035643466
61373239333531653938626233323537363737643039393531376639363866633230623635663065
61656462643330386561663138383737343535613164353837336365376462336261326533306338
63636130306166313763323265396539343538616162343263303165306234376263396633356638
62393766653361396461633965663066333836633330663437353364386538336631363234323266
65363665633063656233323831366630303930393562326161336230623864386133646230353664
30386635653338363638353737323762306332633265326434633633393435653739343633306336
65313462383136376638313833316239383531363264373934346162356231643039633364313462
35363733633331336439626239393566643937623663623436313634356662653233313130633339
36633934376333376137666662353061323934396633633035373034323665643638613930613364
33626435636564393838303865373338636138326137646433383430663339393832326638383233
37303536383666323861396563643831653031346536643830306639363263356262373437396133
63663361303137633030356662323461386536633466313366396261343030346562663036623434
32313638343537366438326330353135393930313535343838623733656331393364376133666465
36346366353362383264396362366534313535666239363030613566333562316531393836393666
33663733356662306230396531626435333638373333623630643336306431366561343266383966
30653333653263336566323766366337653363636533363738313562363262646637323438363561
37333936356139386138336530396633663437333730633161656637656161633335616633393363
61383362373639613137363132393134336639343362346537396562363539663033656636336332
61356261373963346333666566306465313832646465353031343962346439323261346539613931
39346565343864633763626231313864643932626337356536393535653763383566353161316462
63643033626537643731656634353066333166316136323932663964386430613066613963333239
31633462366361656561346239646561643464316638636562326661336236643461376537316230
30386231373732313763316565393837656432343839656638313736346536353465316236643134
38646566376135643534663862623335373361353131313534356566366439306135373134383037
36663065633234363635663665306330373930316264333434373264316537313634666162623563
37383364626465613137373239376233316535313265626132653861313333633830363065633432
65663561613537666334323331303636663431616132363664636239336338353663306331353739
35303830626132376532363336306534633462646266303338306266643164633337656466386133
32363635616230623235623532376166333061303337343331366265303434366637363833626236
30336363363236613661366564626233323465323662353863656362393039346238356634353661
32393034646235373636346138323238346261653565303039383232663333383733393866616239
34346165313236363730663861636534363666336661373165613134323037626533366336313834
31313666353864623466313534643865363864356366663330626466343331626165306562386366
32613236333862363137623838636532633837313933303930353636316161353436343335323363
36623862633633306465316434386431616630303430363539376238616439613164613861656638
66323234653838643539393766313330363732633539386430656332346664666235363165373463
66613032373532666431366364626432363165333438336162616339633831616665363733626432
35303335626632313366336135313464653764653330366533663364323664326335383538366362
30623534306466313234663934616139313363326566656333626132666661306638393039373738
32383539346634373436356539393462353432323138353038666139323033653962303936343832
39323339616338373865643839636234656561366536623038376539616233336461326134316463
35653237313536346464613737333738613161343138353562663137633463653362373932386661
63623435363665313061393133613633626561643035353566623639353734356464623230303064
35666238646331346361316364633638613532346466303234653262613538636632633132663936
38376637353636633030373836306434616362306363356166653836386665666539616533613535
61653166353364316663313530313830313263303831663064663430383139376431353633373965
30626133633462653263306130666434613837623836613530646233643337336439623732333038
65626463376166616336663333633733383866626564383536616237633438343635363165393865
64316432376230383630333332643432326431383734623062643139303939346437
