$ANSIBLE_VAULT;1.1;AES256
30353864643833666362653832613037333634376437643939366361636333646638383535373731
3663633266616238376162336165303961633737623036320a626133396338623534303830393963
66633438343637336565626432396333303361343162326561616438626661663562626139616664
6434316633346430310a373261663933383631383161313939386535346163336666633634396630
32373732363566613861306264346466343236373164636133383533633061636432303963353837
32373534333161323965623464623663336464383966626532666237353062386636303930333562
66376533393664383766663438383361613033303763616665373662316462366636666635336464
66373534316633383462663634356435386162373833343565326561343966653336646666376138
39353835323737633233616435346337313962613335613538396538313839616433353764316662
31333833666436373333326565366665623036633064363139366464653834383937626631386262
38633832343063623430373533336564313864616433616162323439633535613164343333633730
33643938393130373363343265656433653438623337623537326333346633626238336230663937
30316630373837666436643233626361383433386234663736366634383563663761653161343463
34366266333566363633366438633261323061376335633865376133623537636163333962303366
36343933326136653736326362616363653661323539356233613537343630343538313538636137
65376664626664343732333333316333336366306239613339343039323431336465373739373633
39646334373834306566316163366331366465323266306261656434313231393565643937323462
39653436383435396563613465303335376635303330316464333635633238656263336234643761
62363364333961633664623762323064306633663233393562663861303730656432656563303238
37333533666263383235373963643733383835333937626530353437326537356564313664356631
30366537393066616561633931323064623461623463633130643363663066643062666435356635
35626438313564383433333136333933643034373535306665333136393532326637636631323937
35643037323066653964346265623533633761623566333464623764653365386631346365626536
66363232353636306166373261353432623139666536356364373062363932353733386230616330
33313333623764636136613538666463333237393263323831656331343566303962376566663061
33653133343933303639613531353839626636316332353334363265636664633361386139333436
66663465353632663535363362343831373464663037316665356431353438383465326231386163
34323561373330623561666338623738396266353130356639353837306534616530626265386364
36346362313438333261646335363434326561316263616636616565323338363136386564396537
31613761636330363236663739643331646364656362373863663238363061373537323264643735
31643262643865353438373561356361393762633364303834623930613764383130663639613538
66613537376638653164356632643665323139303562313934623337613734656636333932663338
38623039633162363433373161396662353338333032376564383935393465613135663831343734
34346438333061393231353938323734633964366164306661636631323635653063373433386164
32356330333830613764303732646535666338316130633165623632616233306237353138616162
30346238366537396637613439313138633932646130623737633138633965633631333433343933
64643866323234396564373133303062343431316564636438663133386666373032373763333934
65666435396463663462396339613132633462616337626165383731333934303363323134323462
64376638633437653031663931343162326238383539333531396437306165323833626664313961
33363832353765653939386439353365366665666365663539363733643764306261313365333639
31653335613935376363393839333534636434336265653934616166366539386430313762666164
33313336613366313664353066396433343836333532663237363639656632313131646562383936
35663732353663346664376432366162313931343034626465333336643961313465333561386262
37633430306365663436373632363434663663333666366536343661333561616430663063616339
38323235613961376339303430643961303836396332333961356661393436393434646639313738
66366336343335373631653161653463396538616633623539636633636238353033663533303835
36633663353765323964613932656430643232363262663831313330636636346634646438346132
32343935336635353032643132306530663063663861316331383231353830396537323433336361
3031
