$ANSIBLE_VAULT;1.1;AES256
30656365623335303733363934646637383932306138336564343638343064636663653966386564
6166386635653765303331303663623361613061363266610a613163656166663037633437623832
31356466663834356434313634326261356530633862313938663764376631313438333666636563
3939653138663432330a666562646662633830333931373132653139653537356335366639313064
61616630363636663138643737353264346464663861653937356435353536323434343637653537
37303838623137356439383465623934316464393565393434343439656464616536353561323632
64306564373538346462353033636364393832346466323437336634333261646432333563366531
64316265316662626366613333643264326536663832353231396631613764393035386230653061
35356432616433333535643132303032666263646637363937373063393864306661326435653035
37393431656235646638613464366261643639396230633566616433346134333234343166373932
66323731616465383164383331366665353034633762646138323162623664313037383831666536
37363134313862313631333333313236316130626334306263323165626230663936316131323961
36343830633732396430646435316362373833666565613862323237326663333233346238373964
64373533363335653334383238613034316431366138656132313064336232376237636562613634
65353565323235623134393162633632646233636261626434666538656565366337346637646439
32363531623939303437616132313531383065336439613738393364653434306139343166636262
37323435323734346235343435303264343437326463393839363237323464306662386365376433
31346136373034346533616464626163306666323364656166316231663334653937666365636638
65383032393964633561343434643638353339353033343031613532663534656262636132353435
63373839643637646632383936366433333639303562643031363338656335643333313061643930
65616264663563386439333238663833386461313339646431396336356236656635656166303130
64646532663534336638316561656537393864666463353364356437623238663661623665376335
38643163383238653662616339396534353132366331363433613366613636343536383134626662
34656537303538303833306565656538643265346164353538363630393261656461363431303437
63323237653264323835353662656661373639376364363432316335626239623835623166383130
66393632623530616332376431383032336635333938666234383238383831383635613739656237
32643939613336323533616562316639313238353539363063386534323933623731653135346664
63613333633635356236316266303663356637643633633463623331633137373063346333326135
30616661623930303638613962663532623862353035643132353464633263383566623864643134
38346633653264626231356638356338373765653738373037353231653337663934346537653463
34663430643463373734306665303866316436393462336664353561663166636438376663663237
36376537376264323235383761353265666231396264656531333065626133343931316665656331
66383933343063656133323331313236633834316335336561653134613635373062313061353139
36363539626238626561373536646230313836376461343139303431323131343833316237613638
63326432376364376535326237656166623939376163623538336231396330363632326135653231
35316537653531366433376562633461313738376139613537663935353932363935626539376537
64616437663562616330643438643363303061326634633038613337643762346231653866633165
64356261376532616537373134666439343666313732343739386365643162313031333035316363
66383937633464633861623966306165316166653539643863313937623930386639643237353536
33623630383237393335343338353935643836613130363861326537363531636536346434316233
35626635303963373032653035323334643431626438643964613564393265303761626639666630
65616232333465393634353130373161363030626132353634376563373038616662646639646362
62633733393838633031613536343230366262666639383735613733623834623066646336373839
63326565616230653563613434343633313733306239393230623665313466336436663539393463
64336566393139336236663632333862653565636661303533366536646338363232303838353234
31663365316562646364663733626665653065333131663738643839363662356339666232366538
35653964643161396533613533363335383062386537363161633262336135303139653332333638
64646437653037393562326430643230333663393963333337613735666633323665336638633635
64393135653539363837356532363137366566633665646436613634376431306333623264323837
38613066396661373765653831323239336331313931396137626431323733323231353763383937
65626538633435333861353133643866356338313530643664303937333830343565613931363833
61643365626366376165396332363462643133613933663461326366386334326136616639626235
3232
