$ANSIBLE_VAULT;1.1;AES256
64353734333262306336616466646137316263366130663531643133323738646162383833626633
3461356564616366643334363164646536613464343365350a306532376565396238326164383864
62326264303661623663313936643339306630303436353862323332353266313734326435363162
3636393831353239650a303632303136363636653333616163313632653537616166353333646134
38326631376636333964316137346662646635313936316235323236396662326164366465643066
61653239376565333864653238613236313763663138323061303265633964653466383863323837
65323831663037323964373334373766313061666632663432303232656165656134356137363834
39333262353362643764666338633132626666323333383938623930373635353264303231643936
64346230666230303730613237316133623764316530383965303161396163613433666231613939
65666661646636613465333236626466616265303934393635663739356231303033303162666130
33343032363565326331356630616365666563363062353632373534333464383366303263363564
33613830636432303634653030343561633633376563323663336363626531633836313335386263
34663864356536333730623131643331663230623065313866393261363330666464
