$ANSIBLE_VAULT;1.1;AES256
34353162333638396663623639353630643433306361386365383964383664333731613337626333
6332383966623339623466626465313936373065616535390a373335383435646661353031353538
35313930383362336231313131313431336533383463363834343033366130323236313531393031
3431386530366134380a653036323364633730663838323439653661376432326633386262613934
61346664653032623063393238653735336430363066663835366464376635373163663063656239
39383066343465323366343436643262306666366132343462363866343334356165613132623765
37613261323333643733383236363965323831363234643130306333383165373866616566353033
37316536663338316661663837633032653830643937343263363265323635386463363464366431
35346431333531626531343831613533656632643332643934353365393062366461353462386233
31323733643139336332636134306464633265346334666165663838663836636262643630663965
62386135643066303764356638383339663335623634376636386133313834616436613335386139
38306563613237346331306430373939643932613762316337636462383764376362393739373836
62303939623231383435353931393961373535313332633233396234366532353534623338643039
66396139373761653539343832323734343537333933343235623135633934333138316266343164
34373662633934643031346334616630666365393137646462383932313966353162366433633333
32616165323331376335663339646533626366333661343633316331633866626336636532616463
61303362316239303632333838616634386465376338393037393734653939313232353534656362
35333763653136646234663735323961356235313762666631343664643235366334373164666235
64323930393665303639323531396331306334643764393366343633653931646638383463386434
61633731636664353934316463663333346364623038623565336330313363313834623333363536
66323764393532613430316463353866623138316538646235663062313936313962323133626366
62633462373539366537313661373931356562346434363363653833636461613061383332366563
38633137663962353063333663373233303336373662623163366235613162383334373332656131
35633835363665646434326131633165623965336131346562633536383035613837383934613239
66333038393232326137623134663634383163363834356235313237636337623239303361616665
31633736393333343434323439363062333032363737333966346239616262363434623665613732
38643531663432316131636433363931656536303230623466343263666466363732333564613037
37623636326463303161313836373738393639346664633664313664643663623365373230326531
31313330653935613861663665343031396233653339313137383136383662376133616438396439
37646439396364313636633435323935623039346164653231396636363232643535623430386634
37393838643139616433343266613435363763313933656139353132626135303930323966663766
62353931343730616263353732323839363162323131656239653434353166363634346461653366
31653461316634346665326335656233343233333365376263373131666236636439656232666430
35363166623263383666336437646466323461316566356236633734303339306331393064616430
613139333365613639666439653830656661
