$ANSIBLE_VAULT;1.1;AES256
65376436323037343732393330316430626562363930346539356435326232373531393365623832
6339306162303366633232356536636662333561336336330a346233666432663663373538346634
38343863393036306330366533306463396162386239656138373265396434363663323937363166
3532313337643265310a393764316264666433383836313565366236326638646436663433636538
64643435346335353938363036306135616232376132656233383166643932653061356332653337
31643139373061353636373339343863643232616235643361616164326166653036383039366438
64303263613437376361623964343462313135306336383331393934646531656432366131383837
36376535656533313939353036623035396530313334333035646431343032646532316634646132
32333330363932386631653864646363313966363331323939626266373231613065343139346534
30626430363464386135333662626635346165363264313664666531396238666132663936393833
653630376361623032363832373136646164
