$ANSIBLE_VAULT;1.1;AES256
61343364333763383733636463326565323636653436666130323266396138316637623432666234
3063363334346161373865316161316232393266343639610a643761363931626361656262353833
62666435333033613665636234353864383836326334343836646236353037393261306630386531
6564323462356165650a326131626631623961323362323231386331323866313262343239336233
35356666333565303937306266633263646465366462633966343336643765623938623130326632
36626539346637336163306232326335626138343764326335343637373630396566323438616434
65666630373861346162363065356533656238613033616663623465313232646530323661303562
30356165366239303335366463613161376565393033333364666661383635626566306164386133
39353065303134306637633735336132396632316637303035626364633634323031303433313164
64363536633564643263616334333530396666363233663162366166363661303935316565393630
38643238316264343237366664363831356661366465626166653838313436333630336230353863
30313532383432323435666638373731633238643266376366663236636365323430303938393362
65376332653030636635303733343636333536393061306339666232616464326462393161373638
34333737376631613934666335613565646137616536356166396563383336636363613933373230
36383931323964656665313861383235386636653634653835666638303833346165656333363065
39656638306566633663373464303565646131383535613939663231386431343364656466623537
34356239306566333164363731306439333938333231353536636261313262333633373939656136
62333634343565313463626239313231376135663766363161366230373236666564373736656161
37663634386439373936363237373463386430613737313963363333353538353763666532393330
63336166653066343238323361666333346666346665316634386333356561373137326639636430
37386230343336303835343232303136663239643634646339666264373630376432643262373234
65343836653264393962333161386339613530333661373035633863393163323564646534643262
30373535386334313362343835313538663230313536663733653739326430643434346234316433
33613263396663626263373533376232386165333066333337656133363736656134326262623334
64326530626231363033633436653365373133313633376464643464323431326434323231626137
62656265383038353363343537636334616133373466623762643136396635663166616166343266
66643437383032346463373034356533646238666564636133656561653031366638663964396334
30626161366164356235303634393536333937306565346239663934616436343565386364383463
36643732663631353037383639666162616462393764643432396332346232336262333265383532
63626638333665633030393338346664386235646133373639633166306562313539613639383830
39393531386231666534333431343565383361623434306532363431363331666366653939396264
39303434366564326463303064383833386232346338323931383465613235376435373165396534
64613039343032356265623434353037663466326137336634666632323131393933323833383062
37336533356539623634306238636164336235303339376534346339636464303239613563396336
34313933363835366434303737613962386564656238393964613463313130303436353266396564
66633564363865366535626662636432313831343833363264393038373632336562636463303435
36643339396236626637393166373535663934626435383062343964303562393139353666333761
33313065323837363331646138626230393361316265316163383139383866623339666136316562
36376431323733646633376134626538613462326138643563383835353436333066353739613065
63363037313765336161333765303532623964383538613139633466393366346336383535336137
32373363346232383661383064393962343266623663383933353532646561333938616133653666
65666464623361396431316465336338653465663765653830656265393436323738666365333132
66306231333934663033336438616135353662313033323632316536326339343562353531333139
61663363363961346163356330316263383762656539303533313536366131633637353330306166
34323638346137656434396561363462303037306461613861373434343161303764313934633832
3861383836303566636230353764316266326536333965393635
