$ANSIBLE_VAULT;1.1;AES256
32333166383437393935343937613566323864353139343233643931393032366265633432386261
3439393866633365636663336535316263366364313333390a666462663332623532306532303331
63343037383061656233323930316337636661336138663036313234316161316630626361383138
3734353432366235370a336363653038353065333834376439643265653164323839346566303066
30626236666136643666633836323464666664326363343465303631353362366534326539663832
33613234633534393337653432396237636238346337393136613563373233656262373633376564
64653834356435326137393862663032303335666164343236343762323037643430323838643536
35393365303932653537353066363233383332623661376361643464633066613463303066303965
63616334353039616464313164336161303833623131366632306434626664356436613538613538
39306430316564353730333636663866306133613936336134383761346462643337623465303330
34316639363435356261656635643436323763333236623233323635313961336364373064613661
36343131633832613036343065393263333135373661383563353432366537653966383632393339
36343139366433363431313637643230643364393437386263636462353030393766613638616533
63636437323134346538653266323963306465326339323634343935636563626634663839666362
33653364333164333131323662626234323065333331626261623631633236383862383931353032
64353837366530353735373665343433333764313461656334316433623066343866363563656532
61333138383633633762373734663564356538336639383966633738623137313866653366326539
37396164383038623431313236383835643230326665383864386534346638393732626134343537
65666134373532663766316532656237393862326537306537663439656539636634633936636634
35393139386232333237623865626132306466613732653938303631343335623765323035393135
38353931653765366331333166623561316430316463353539306362393661653535363862383262
31303535613230393062353138323666383332393138346239623439396139613966666630663138
38666339633633633862336532393331346163653639353964613961663533346166366337383531
62633766616339383439353138383763363661316634623537356563656466333663613537633439
61636534383964623235303135643364666533393233653632663161373735653439643366346230
32396434666563306238393130396134396332613536663537396562396533663934343965646134
64366563383238316231303339646439653362363133613938653135306666303035326231393934
35633636616230636635386230396466663862646132333031383963643263386466643136376436
63633733356539333866373132383538353861646332646564373235633136653036626333373834
39333736633439346438653938326239613434353630303839303064313061333065346634616362
30663961366365313531613130306437393462386339613039336465646430383965613139623135
62306263643933363137623335343566666161366464653334643665323134663933313234643462
30623664646335353438323932613862313262346432313734656633336465303265383562343037
62353839336462656265303130353335633261376236346362346630313730376336333065363066
64613833666237316364373532306362303439373562353066373266323766366463353530633363
65313138383130343639666237383136393230336362343535326434653865353362396163656333
30626535303264633037633737313234313734613862306235646231373235653430346363653764
66356539616430393633616163323633393935333833613236666232303265353037646632333837
61646134336132663565373966643436356134316361343631656531386639376666373930356536
61643832353062376437363035636234666235633537633738333661656232616537346465303363
31383730376234326665393666363930343566303332656434313032656165313861646136333034
65623966616366323863356232346331343366313333656533353138623866306334323364363435
66633034326433393030613336643837386332643431396163383433666134383863333838626639
32393839393561313361613563373662306235313833393665626430333237373266386162623233
6661
