$ANSIBLE_VAULT;1.1;AES256
34343964616130376433643363363664353931623439666333336131316433376331636438383030
3438353035653738633034643338636239623933366138320a353239303831383538333336393731
36363662613764376230343563633238636439343730636632663965336362313733323531383434
3532623833633465650a656131623437653432623438313461393764643539663931383262616431
37323430616363373531373735363831623034326534363137366436366230313861303366636666
39656130356435326332336561346539363939663236623533353862643630336438323838626666
37373065643466623931623535383832376463303334316666313764313864386331646433626335
39316266383462386137393334343437356135363665643837376662393536353633343932333833
63343232376634373862383136623266393339653163613062353639323238366665326261383636
65646165343033613561346632326638306638666565333562326535336465346161393732613036
63353166663262373439353337353661646533663739363366656338613438313230666139356137
37633565383237616365663363393931396463393561393633386435663835656638616566363938
37643231663963363163333763343439643836376634616233323736623931353432376664646339
31623730376563633162336439643761613730653930343730643933616237633030623134656634
39616134343335326262346439353331323764616663626431316162313430613863376439643935
62336337633432386463323034333963343137396531323463633461613965643133643266626234
64303238643861326333333530363665333265396639663836633164313761373038326138393831
63333064326235633738656135333766363730633333383136646234333832383361613736323436
34663132373239323662613963353165666133356232326336393963646561363163653133396161
33396132663738343366386361653937343435333536336666663364613566383462313830303236
36633731633464316263333435333138633037356236396262633662646430623330613663353139
39616535366563353734383831393630666230346136393636633239336439303532383132656665
33356137653065356566313663636561383566343231313663323434653437303038323432623661
66663662643962313734386638356139326336343435356165623136373930363864386335303238
31663763656235313265646537653130663966613133363565336235323637306333666239366538
63393238663465613461323363303734383531643736383131383333333336633235376262326465
66633137366566323863653263626430333366393863613863633630323562356536623537663635
63306163323834373765333933386539323862396536333364383838616331313964616230633430
64366537336133643961633862343661656364303137626338336236653664613262366562343034
65346634303762346530353137623337633231336262366662623761323061623463613931343830
62333635343930386663336163356533663432323137623466356339653934633736323832376634
39376339653066623762
