$ANSIBLE_VAULT;1.1;AES256
39323536343530616237356438623161386438363638326463633233313735666162656532643033
6265306339346566663231336165333638643263323332640a623431646131386664346530343035
33373865373536313030346637343633636566646236356337333962353035626662386137393539
6339623064366235370a303266333030363138333134316633303931353064353036353438343131
61396561646332393538663666373637643066656139373966653163303664376563643166303662
34393937333964303832633661613864613439613633353938366666636138633762346263383063
36313465633733313430623862316232303638656365303033623933633231373432623465633532
61356161663830353632646364356438356265303461343431356539636630353564323164316539
39666138326238366462646134633464346337663864393834666635313561393831326134313532
66313131393833333937393463643331376338306535333131303866386466366538323638396566
62306231393639663436663466343966653432313835626161323532303263653932636232396563
65656465323065303835326636313039326161363864303631383630366439343465326237666339
30666636376232633330666136393934343338386166343830326463363632616665333437323230
30376261643530353439646535323638373562393466316232623935613263393533386565633238
36343866383136663832616438623064613034666532633039646439643138656334313238396265
36626130643364313839656236383730616661396638383832343866636261636363643538333334
31336233653839316230653962313639663663376631613236306431613632636563323965343830
39396364613736303138376566363464396562333663643735333839343331306464623761333262
37613066303536306266646632393564626535383935313633313437633537633736303537666431
39316463356130313134653765383662393264633131663335326435323461343964626136613336
39346533383562396535653935633064653361613166663332303038353231333465366333363866
30333131623066376461343564333635663833636462623538373735633164653335323834353736
65383035623061386337313437313637616330663964376163616133643263636363663231353338
32363261623837633837366562363631636134323830326232666363633531326235616138336461
36353238626133353564396661346564373262313566373532306632666366333837653039323364
61663961373830333935623365663062353661643132646236663436316234383136326536333537
64303965653061303466346135626363313439393165643061633230636335306335353637383532
64663361623138653935643263636563383536633338346466353432313136306165373665323935
64343035623066353264366336386365326139613533393231303733366438613133313331643533
37313365626237336163363830326561363533666566633032636162646636363164306466353435
36373732363532376331653536636361323066353462616663366265323331353738656633383135
64666265356231613032346132666436653666663535383564376265386538356133613036663434
34393233346430663432653333316437666366656264656264353631636137313237353331323463
32323434353339363631386537616365376236646561643533306636393334346361653932346665
36306465333337666231356530363130633338313130636131666362356530353937323134663839
61353038353033323235346565653362333536313630626536623966626635356431656231313863
63363638643131343065306431303132616639343163336661643164376166656532316531383931
35383735383131376661343732663662653636626464643235336534316137386463626333383136
31666365316166386136373030333338376261623233353835313365333230633639613332396363
38626563316138643732386335623161393833333665613966343132383834313435636131623131
66313632643462323736306130383637666331336630326531396264653437306134663035633838
66316131636635363163656533373332313163343164333837333238323766653739333833636139
65383962393532653937333762636631613931303038663439323265646435636431653934353934
65323933313736363865363435313565633837376536393365386461626666343539383962363536
31333235643665363365393631623533646661653137363066653263323731663136373435633065
64653363366663653364373165323733376438323939646666636638626436386238303763373361
65366565353339626539343663376162386462343765346133366163373364616532313937373136
37626164393536393339623139383239356663333638653162393366323164346461333635323334
31643463383035316135396638393833643763393930633336333031396461613239353432333434
38616236396437383463343563363134346165306339666536326430363130613030663832356333
64393635633039383037646561393262316535316138623136303838393361346262656235376330
30623466633166613231376564376366303130323630633933653463313362376261666266366464
37616432626433346438646331613136623539363562666634396239653137373961386131396439
66643034376562613332666566633639303732376631363566353832326361643663623563393033
38366238636337653834336635353634643531363062316237666139336238623738343162313464
64366232353431623132633032306165656230626134383162623661613334343039383735353934
64633061386362653039343231383338663933323263373466333537613234313861333737343632
34326638303562613766663436373965366538656239353330623035356665353663633936333532
39303963306363643836353266613830396339353565303164313862646437636632643266346564
31323737363733623966356633636266383531396262616634363230343864653032663966376263
39633439373231613933373738323134633063616664636663313164656666306336663964323931
35383538343036646234323436626536363366613565646537343439306664633766646364666139
33353530353337333139353438643635356264376134626233386465663734363836333764656361
66393835626566326166313061663636333938653839396536613038383937616636303738393066
37623039353230356237343262303764346435353333313033383862366237323635646230383636
35643333653533326437363436666663396231646631623332333334323731343134376136303530
39623130636565306163626237306335653638623437336362343236666335363964333765656266
30313664326166393665366335653164626630323235636135626166323837353465366565393965
39346564646432383834353462343930303064613039653831633162373035386333306435666138
64323834306430643361396462623561333438363231313064323365666530386634303034616234
39643136326239623265633732393130616139343430376438656466313132313462366336336461
34613337373565383138303764393464643266383065303062666236353836643364303633616661
31353136306337306334363162656636333532313363393830373538383437613762363462353339
63656232663665393962376561663432323733613334353663643837643566653336303939666562
37353561613265343732343465393932383261356538653932643239383233633632363530613665
34303465336537613639353237343134386435356661633863303132643134323935393261343137
61366336653064373332646633316337353436633462373361346566363634343862646634326236
63323862346461663036366665383061646666373539316435363330336237313531353466613138
36393330666434633139343839613138633730396535366131386234306232646261316630633736
32306665633637306430633339346439373063386638666164303161633038626463306238396365
35653864613238363035643332393261613730343462306236353533323338613036333031326662
65656338383631303335323331663261626433383831313261306138663963633765666366343063
66306631363838373864633234346638313035643936656130353833633737343036346638383938
34356164303833633437323036336565626239336133313963333230356433363262626465656232
31656165656433653263323462313663303262303535376236653961303133363531626431646230
34303661633564663934376532376337353036396165613436383663366262373862633465303166
35303764313763306263343031363864323462653965633339303263343639303339653734656262
66643530653738343433323030383138636437353835356432366365656537396433353339616331
30653438653037393931323665363631666662333962356436643633386537643463366266306337
66386438383033653631643361313963393763303635656562396436393334353236343431633333
37303339616162353230373931356266343764333337643331363266643330303563633962633861
30393736323831333233653137666438343232383761343031623937383139373130613564373830
31396637363334376334653239623864626237366664303263616366623033373438336437356565
33666438663161373362623434653236643638623131386134663635656562653134653830386663
63623763646339353135663837666461393962336365663263653433386332666336656135383135
66333333646631623534363066633330396334363666303334646632356632316339366331663537
31643063323035363662393965633634363139383430666238616332313535633538616437643234
65616537313833383931346633616136656663313837613837653833323138623931643365396130
65386139323134353163663837383766616666343964326637303436303264313233363234663764
32396665336231326264643033643131333933646461393237623563376635306261313664396263
65623766333665636334623766323534353032313166303465363864653936323164336630396130
35643133343165613932646537383162373730613465306664643337303338326161636331646261
38376161343630313935633666366137353533653865323262306638626537303037646233303164
38363361626564623664636661636666613533643038323035323661623439626130363266636237
65616561303865326136613439333365356535326438306239393737653836613436303030303631
39396536333334636333653463616531363562373630623366616461356261353738326439313265
35373064346139626439373965393838366664393539333439333663316532363139333831353939
32366561373638616261643938373863613932313934653831356562643361316530653235393332
62323533373361613062663566633561653865376561353866656463323164613863323930316665
66356664343637353335383262333730356163326133373362663463643265343632623535306161
38623835316236323036303266633263643362646435393961396236396534663634643530333735
63323065346238616266613832363030636532643164363830653034666363343331653136633465
32366337353432343637396264376639616330336236383235363732323566343839336337346262
64613431336133383337363165346563326236316535386235616165383835663764396562643031
61313832656566393265356139366261306461623761373037663566623230633139613464653939
38653162383362393437376164353165653363376263306233353230393064643438643439343938
30363533666532633661383439343933313266346136376465643261653861323332323434376130
33616439313138326235306531303962653363383837363365386162393133313466313763633231
35373662376465626466316163656239616462313239386265623530336562656331646265396633
63336339653861616430346266373338303736623938393133623866633230656532333638636535
65643837633164356438613264613661313163353036333439343637643264346133653539313833
63623339666139653866356562323737663961313165373936663164303962656334616563393835
32393665363033366434666537303164666231626332636665393830376139666263333938653961
37663261636466393563376562353631363537396266656634626537386136343131393635316234
33356330636633326262613738333935613965646263633234646463626631393464666538313731
33656661613030613263313531303261633065326338376461303037303963323761353330386239
34383334393666373336646230343534303532383763323761646362643363373639353839396565
30323433343339653935323364366639393032636430626362633266383164316239373466653430
65366665363834616638643233656531666434633034326431333135633665663530636330616234
62633330386238613338336365663464656639343537633761353366383262393964663439613061
66333236323633666232643139653134336435653637613064353731356234383937393662346331
37636630633333666336366634376337343635616563613630663966363432383935626337363634
33336135663466313234326435633434666264333439326432373663653236353635616632663061
37396433313065366263346336303762353637613333376130363861373135306135326365626433
61303837396564333266343333636630366163623730613163326536623934383634353531636535
33383431306566323661343339663339343030656333386339303162393765646436636163666236
64396565393835653334353838626165306238323231363161386436616534373935383262376636
30306230393639613031633433663763633065663364306532636430616439366263373561313061
65623566643936376133643866366461383638323533656563306561396533653936343862613438
66366661326337363732326338393134356638386538336439336635323639643166393038633365
32653364356265613234623031346165353138383366306565626532333138623432633166663735
63336535613838626531343537333630666531626663643836326265643130653732653131386661
38396633346434323063396637353432363165653336396237616232396338376632633633396135
34633531643030376531326233396439393737323133616631323732636435396534343263366466
62656365343734373536353738386635663061333766353531646530663638393562613963323630
31633835633961636530343262326433353938323962313732366231636539396130373238623732
31353838383837396630346135363537363064613666396133663337643438666637646534303539
37383833343533653138323230656462373361616530316438383635326666666334383261363739
33393432643133353835646238613361373533643266353530656530326461346334653737663861
64383464666361313861656163373932353434616632333830316539366531366662346134346166
66336663643865333232313265633061313131343561623438666231346538343361653235303237
34353937636630363233303534633734366132356639373436656337306535383565663532643935
66386434656535373366363963646663373739616338633765333630383363393236353634633035
66303530383561653631323437336233303639393832353033343464643064636464663966633665
65653637363361613464636563336634626166616563323232316236323236653361316462666431
38613930373730383431393765613630313464313636313037643561326138643737623661636331
32393031383539626231353031613534313832343038366535333439316631316131386630326661
3564383334653432613433366335623138653462303165616436
