$ANSIBLE_VAULT;1.1;AES256
33626333393534623532653530663234393835626366306633663064393433393736633166663931
3665623338326231373632633334623965376237633233660a663538363364326339633032393865
30313062656637353235316365393834356133376464373335323664366664636266353766623339
6563336236306637380a366135313664343733613531326630313762323832396638383861346337
31346431623864303763316332326566356161623935393662376363356566363762346335623933
33386465623366656332373836343035646664663737623135363236663633303763373933636230
62366663363334633734393862633239636533376663613132393636656632343564373734356433
32656334393531663938653032613761346139613039343736323534306161306632613865316633
30613662303636383739396139373535396163376361303638336631353964313930636130333562
61323262366437393238616534343531646632396632633631663437653832313139396165666561
39383032623134636635393237333164353938393637303833646139313137386261383733656231
32626434616535306430333035353433646166363330306262353961316334326338316235383230
66336434383161396530383861646532353263626435396639383731353437333434366563303634
35633835306162636537393236393165616664646631613564336339303835393433386333303036
35383133313838633035656637313839396566663530316561653362636237333636303237666463
32636464336366643963323632383839346336323334653961363535386132616231373537323036
31633833373838366564376363643032303832346337393933363031353333303861626538316338
39363835623433306235393035326366646531316465316230303532346166356661333036303931
30343931633863376665303139383534646539383732393566393631313537653935366366643962
39663939343961393265333539386265346637396137636361303236663631343033646137646666
35626230366265633236386136656336336237323438626130366231373763656630343134373862
36326237333662333665353931663362643335623637616161323731613065306362663533336264
33333035613764646132663563353261343334386139313739363237366366626134326164353439
34356363363466326234313461636538656335323638656231633238653163303834666231326462
64323464636165316666313362393334383838346362393362353633393761313964663931313561
30336637663766343630366261666531643636663033336263303534303836626230653865346638
61396461313236346234363331373630623863313233613762316639346634366534306562666332
66626335616635383563363066613265653636343264623830393134306664653334383666383239
39666239663764643831303331386661613836616633656630333364363161666462653465643564
33666136643165623963613261376230323939656235633234643764616565623834643839623838
37303536643734343639353932353966333962623636343133306162356362636362343064393533
35356561386464373931383661326536356230323233643436663038666662646130633666343131
32343030613766376662623365383134653464653066303037316538333134653130343436336633
35616538303963346236373838303865326534303537373235306232636432636430313834666463
62363932333635313335373334633961356665366166656130383032323334316438663139383837
38323832343133636537613236336666383136356165366237333763643561643565353138376532
64633038386434336232623262323537353838306263313830353037396637663563323965343564
66636239633934626632663761623735373030643337336165643636353638303938333166633764
34653632346534643966653738363132373838666265666364643032383436663234386637613363
39386664313631656131303537313464353037326131666337346530643237323432303864373336
33316433643032643366303161346362313339633836613565393734343239653935333631323864
32306339653339323563613964376661666662313938353130616465633033626362636638333038
30346334356430306434383534336535383264313038383365386463643834376262393834356434
37613635666163363362396432306632333834326239393838323434396530306463356366373134
34623065356234336339353532623463363766336238663332353334653137393538333135386530
34643066376565643534313337356165336331303130393439623265373432633762386462313031
34383235393539656662333062303732336135343939346133666430653432643861346432383564
66303832613533666134383633353561333666366263333761316236393566393139636166393433
33656530393661386463386137633439303561643339326130313362663865353166623831623261
65623863343339633765363233366438366266343462636338316164373032306337333064383633
35383262326336303866376534333236633734396138666339653536633137333138313861333732
35646264666439666336393461333438303763616233373731373631363766313561363237373065
62613465303137316633663264336337326262313639653534393332333464373630383661383137
38366363666361316236383633646536333330303364646464363464366534396365313365373662
63323338613932353331323966363862396334656132366563323165663463303235383830386564
66366364353332646466646365663265643764376132653833393662313231396232383039373135
64363233346130643530323162643166316436616130306262636163376561396335623539343038
32353966313632663439316533366164396166326665633731626539663764306639613963366161
66343965363963643966616136663731666265633636353363393238386233333831373262656432
65663263653438666337633362643835653965633065386432373763353932343961383038386138
6438
