$ANSIBLE_VAULT;1.1;AES256
31303762343561653361663032626338636364353438313666303965356538333736383961633038
6630363233303939383664373839626537653766356638610a336631313939646138373666386134
30666539303862383962636637396334363530623135346261663434666162626235333236646437
3462616135646533640a626530326239366530663864336365653835323065346534663732663035
34323262663436663233343034326333343534313438633366323635636666323537303637326338
38396231643730646233336136613934393165663637633466653434366338353766383035383633
37666434363932356134353563326537363331613665303232386161316666303439353161613766
63653839346537313738656561653731323034633864376331303832373436306538316534346236
35656461326262316232333063303433643834386565303034393530623662643532333735633431
39376130363363376166633238303335313537333034666237343661643233643636383034323664
35343065333666636533306461653736386361626264383265353463353864303262623431363230
38616138643833306436393230646339396164323031313430353562363630383764646231376138
37326135653433643163376633376363313531666264663266383138366537616634663234613832
35346363656637643061626562396661623138363337303333333966646532363266376138303832
30366334663334306231643630633764663566306364666435643635323238663866646438663438
39383561343434366131643263343834323932353564623134303431393237353732613737613533
64303631656162646633393735363135313738323261333032323966363466373766343930303437
65313962633734643863336337323734353438373636636162393164356663356236336632643064
34396334656237303866626261306437366330336161633862633436353230633639323931386134
32316230386630623533323365653439623430376662656132363334623131313431353134333132
37313635653536643565336634643865356133383937353633356137343365316436366138363238
30636164313466666634333134643531323534613366326530643165313361313038633033663831
34396234663232326335616563316537396531343138373538383935336538336231383965623763
34303134353235323532626630373531303131653034383731393839386330663362666532306339
36633539373032663536626131346562633330396439366165646535633339626164636237396534
64346433373132383166326364643531656531626233333264376231313963336466666265333765
31313363656431663935336134633461653336643139393834393265313831366134663362323830
39626132313566313932646331633639643632393462366164323662306536623666643437366563
38333433356539346635393539613661613236626438343338636234373466646237316134363234
33316231363536386463303832646266373966363330303533333235326561646164376536633961
39356431633438626239303939336563653465363063613965313730383836323363323162363239
33393235613161386537323436616530646662376538396461613434336165386366666134646165
64343230383233353330656463323536313839633765306565343635356631373065323164383032
66313535653139303561613838346232333035313831303962653434373630653439396337653632
62613536623338343134636464353538323230313437653533316263373532663836393137373838
62633639373436613162396563376464663330616262396464373732383962643065393538353033
63306338336236626566303931366266616638393830393036313735303765313331336362376131
38623535366366356633613865316263396130353133626532666237346635643137643665386662
64366337313635363664313765623235363735666632306166363266333334613064343863356230
66356364323938336138386462333634396536623236653532363964336661386131396539633232
31643737643131366264616162613336383532623133316433616262663264623231666637343737
63653963316264396163303532353165663139663237353563303637336562656233383631323137
66303832663230353635393265653037396338653831306334643362393330333966356363656464
65613237376531346334616263653664303264326364313734653035383532376337313234316662
32303732366532333161383237613630343666303737613635383739356333313638393164343031
65373562383339646130353963656433636335343066306366623964623631386436636434366466
37306465356562646461363162353739646535653466656366393734306561653832366637613366
61323533623562353861653136323534316662653962656261313665633364343038643030333961
31656462326561383665626634316639613134636531643862336262626634346336326163383462
33636439643038666561663037656132353062393735386637663138633934666232353335306631
63623733383161646434333863393333626138333665343834313237633761626366633766316665
62633133623131653364666132316232663138306133393736616663656234386562393638653563
65663838343463393432353839373031353338383431623730343635656166313934316131313037
39613432383666366433363839376638303862613037646536346665656662326130653038636162
35356433643434323366616362626166336634356338326665373266626536383064656566633532
39656236326437613263656563323930636363363835396631346133353531653037643730623839
30666364316533653565373939356536343630306438396238303964386134353362393461306230
39333237646463643163646436306238396365666563393566353833376266626137373164653163
38616132306331323862343034623836393263383563383562306665313931396263613635323762
33333361326362623936626364366632656664656533613332373036636533396233643962626536
34633336383630306361656230623638346663356430663262393463616130636236346431373866
30613938343538363234623238623763613937663963393631373362393739313731323230303339
31353163366164343861383030346433366530373230666339373031346166646334326465366666
38356638303562383030633339303731343630316136613635316465356566633831323664383838
31663465636138376636386439653130346437623737353262643939663262323339323563336138
64373737626438366363616130653764356430373462633433316136636133386636663332666166
62633631363938376331326562383562646338366634313033636634373138626136326362623937
38356263353639393732633131383265313630303738323138613064333531373963646637333065
61386335616133643464323965373963323331646430623134373166316664656632366633323563
32383737373262316263636265386362643339316132343830613531666461333933303461356234
32633033336662323665373838653232376337623866626362616437396130653264613437656166
33396233623165323566613536373462386536663161636436376133303931643663666530396563
32393435303231383434316232353234313038343836306237373566376330373937356633313533
38653164653432613031376533363235633537373330386137396433633039373133326133633433
37303336373663376532316531633839646465633032616162623562646663343837373436653630
65393564323361333134663539303161653038376236333435303666663333306335316166303361
35633564363164626331323164626666333164616231313263343137383633303763343264363930
30336664386361663131336130643062393066613833663430343165633733393939633738303736
63613030623331626435336363373139363761333466663366393662323664653765323132646466
30623464333565333263643935623161386132306432303534323161633039643134656330633661
33636139663763373539393438353136653438333231616238313964383839303461633363333036
64363439333766646335636633373637313637656332623833376234646664633731303839366634
35353863653062343432333433376562336163306637313761306532313963323862393835373639
62653537313431616134666536343337623239616632663034623466373463633633633137386331
35383830663535653536643332653638626362303866373836613334373139356236633333663333
61383331663864643135616635303164636437323534353863613165373835376461656163386132
31323937646531363262373130343962336566383961393530643462373331343435323961653163
30346632623461373061346434303163343761326261396165623066346438663730616636383862
31386537643032303763383263663863373562623661333734616366316139306564626331306263
31663131613566363238366237636566656339636664333364316462376630353133323230323338
66396436383066393433333963653963653466333238383832333033306261656139396662356261
34666361383261376432363935326530626661326332313561616437643837373561316465353465
30656164306361643763323162323438323832363033646463356434623035323939626233343133
36346635613435353864653864366436623065666231633733613635323832383930306432313066
37663663373436363362323138336565643936356137346162376535373832363135626261616334
30396665343533343564333839303661396561666638346638646130313963623137363861306232
30663361316361333064663631323561326333353135326333396362323464363261663130373763
35363933366263326264323565393464623532663339353539363731633138336663323761346636
61316566373935373762383266386332333735396431623163303434376261663931326338356665
33626435653266623061373164333331333038316537316132376637386239656163353164373361
39376634386234343763366337333339386434626131643130643335313362386165313039323466
34663535363135353535356438396261616138666266653166663462386163626538613437616332
36633737373662323136623463303665333866333134643563343536376431336361383562333035
34336638313461643166663762626464643432383134616565373631613262353638626439343062
36626139333532343064393832323863636664373433393436623738643431313139333834616431
33653935393337333133643130623432303138316236366431653430376339613739656636643732
66643535666561633634616466653037373062366462396263346133636639386637303065383038
35383234363138613733643963363966626137626430653430323331613931353230653636356331
36326136646439636631643465633265396535353536316364666132326135303866643765386664
64396232666536636531343630333434363030613864653631613036616539346233363135663433
33663230306363636438353830626430383433343937326661333334306462373766636230353039
35363438623239386264303130636234363830353839356232306134363930306463313536376237
61306262636438373435303565646666353333306162363233366663313665383930393436353164
34613334636264353736326337623165616132306139633861376362633063356162333239653639
66616466323065646164373431633934636565373233313065366439333161313436316231343431
37363331306135326139653666623132386662613364336539343634633839383165386463646530
61343063323764373433373637386437653337343536386164323437666430653163633037373133
66633464643030366339626261313162663330316164356464366465363733623431323931613736
35373239636366333735326339353830653964353737643036616330316532303966373666373037
65316638396131383834663363613932623065356334336339323635383661303463343935623736
34356437646561346238663634626232356532616630393461623436336336343730613865353236
63363032323636633661326437393735386630643332316638373933643066623134326462633564
65613139643331616138656538333666363965383761643365393463643561353762653963306662
62313863663030616139333335383261313664356339643564636365326236326231383036393833
62623531336565393435336361616330633964356139343533333536336466383230363762326339
31633034346534663764323138653131636261373765316335353965323363303131323564356130
34323836616431626131636430323166663338653830343132613566333366623330333364353236
39666663646662303332656235613539613831326664643031623966323766313233376366393631
31613362653732616466653633323062353937333261656163646365353336313962626231333030
31306338383863363266313532393930613531323665656661366531636463356636656164323837
30626434313733353063633436666137383030623561623932613233326566636330306662363832
30643031616261626239316536643463636434663261643433346434623938363136363335646466
63373237313430333366376138666631643139396238383165383135363834393230346135633335
38366237323836353435323564383638353665643639646631393334643639353939396264343366
35623662386364616535616265353732663938333736653666666635313736343636323231613961
64333038636662613735303935636537343234353238386131356339323165303631366433663361
35356561336435366236303430666262343762663631653736643136303335303762613031323863
62356533623734386232303130653761396236333564663761323533326462313037313530326635
36663336383363303633353166643266346165346134646137366438363134306131646135373233
30626563666637653030356262376133313538353231313432313538363635653931383136303763
30386433396463323930626663316366313739646362633736386630343166383539383165323666
64313337616535636663643266303663343837343137316537346434323665656464653565363736
30636161633334373239383532633037303835333733313134646562373930333034653564653439
36333961303862666133346562613031333164663363653935613637653461383263636136646263
61353731626631346465356638643531646464653130303664396236353365356361303434393432
61373335666135383761636233353038383634633633393038613333376135356365306565373566
66306466313831333164363533323065366239323861633139303665326337323039386439393765
34653163656433326461386663323238326166363062666463376535646264373761306434633536
39633565336163313361386364666530653237353561643436636462373534373032396663373034
36623536363933656333623132323062633965613939376333623464646531313036663832343266
65663535656439616239393232386336393337663033363035633064626530383438323164356362
66613530336531316361373438656464356262316134623236346664353439383634396134306435
33316166363566363136666530633033326238393930376635313865393362393061633234616563
66626133363666643166656439626436343266333764326230663931613333643236313838333832
38613566346231353161346363633062356339616436393338386661363163396239653132353834
33306231353861333935333362343838663566346230366433623166626664303132326434303131
62643332326663343434393833666438336130333163343064626238383135323234316464326565
31306365303662646237343161313731353064303733633136373637343763376666316663393864
34396462386236316438643736633039386362323531653231656535373637393233313130626664
33613765303561616163333332663435623632373535633265626263623661306162303137643439
63633831306335646438383064376164333862393637626531353532313835343337666338306662
65363433306264303032373038656565656530316536393335636631316535383764633839643861
34613563323463643133613630336266386663353235636638383664643339353235356336363835
37646134633764363937396661636461636666343732643930356633663663656161333435393136
64663866646265306136323833643435396131653738333035333066383833346164346464633662
39383362313131353834613438386664366238656437666364353635303839343862363033313066
32643064663236346563623231613739313165326337346363313137656530313339383263343363
39663539363934346666363535323765356365366361386264373730323037643837383835346637
61313339626563386366376661643162636664626539383666636165343865376464
