$ANSIBLE_VAULT;1.1;AES256
36356431366339363630663430373738353662636439373832333234393434336536313034303731
3037663062383734363936356363376433303866383034380a663266373733643863653766356565
39376664323139323635633264353436383363363238643431623464626532323762393339356639
3936653136373364650a393536643662303433336530313066343361633534396363643266313732
61383034356263633461363963356663316462346163643733326565393437643630323338356262
34396562373965343831353765346531633663343162623661333266636631646532303537656132
31613263323939386539386463376665626631356162346635666262366431626662656637336132
35383962313332336330613532353566636232616335623738356232386663353862333234383833
33333062343733316632346363653239336336663866663034326332343134656538343765653263
30323735613537373761303761336433356230626531343338646163393437353932366161396637
66373566366662343834646633313162646336346630656632343461313530326233383263326565
39616238343135333638313733626230353164643330636332336537333933666239623066663265
39316430613937633063613663353034323565633737346464626539663639613862613466313930
36653563616334653165346432643039363535633164643137366539366161343130663464376665
61303137356632633365353366396536616466356538623034393530643432313466353964363233
64323065346166306239343130613435376365646661313261653164306663623561316264646630
61393765393762333162366566393537646365666436393135323562626563346464643063623530
39323861633934666266323131646562366235383838313037353365336331386139396361346562
30356564346537396232363730653938343066663366356136383130373466653031623038316235
37653935623036313663333939333530363030383466633332656266353536643466616665656361
31306135626131353066383365643738383131303132383731653637363435613234323831393934
31336539643730663563633366393835643663366431633930343265333264376430386366623965
35313030636164313139363639633662383933343165363431643338646535666135383962313939
31663439396431306663326164643362323134623636653538353833363463633338363763323265
38663262396632363130323266373232396261646330396430653839663931623866373164373663
39636134663635633232316236396161353339643031383030666130303634623762633137313666
30343631653534366637333537633763303734336339373562383331646166646563323265323861
38323537626563396638363930313637333837323535363336386537633764646362353833323464
39353863313032323565306138323866656364663737366338316635326263316438633039613666
31616264633865336336313961303638343435333164623331396464303530643236383261643264
35653736333832643436393661623965323864363233303762626339663038666232333665663962
65633561313437646635633530333534613061393837366665353735326265633631333839393466
61363233393839363065333331393563633438393632346532633330623066353539386661373133
35643339626337656264613638306137646334353565666432656338633132623136373131616339
39373163316231633334393865663837303632313763373933303734303964623330376439303535
34636338636262643837336266613939376462623238386165316265356634396561623035346633
36623861643132646565623764646134396436316363326336653538333763633236663136643731
61613963613966646466373666373462343262613030336437343862353133343661333164393463
39366263343730393265383739366563333364373338313331616163333865336237316565373638
33393831326236356261623664383733343330323830653837643434333630616438623565393063
34646164613633356132353537666662356337643031303866386263636431373036636463343535
37613331633230633535366432393233386639316466313466643064623233623163383265333861
64643136373033663261383433633364363332656264373537663966396437623635656131643632
32653961623134343165373765313662366366636233383465303830633039313735343433383962
38653733323230343831633635646336356262626163393563346362383436373866626132323164
38363566373661616133656566626161613530313932326138343636393131646661393933386139
31326263326337306537326136393233303631336166373663653339333261663038643762333061
37623438353933626362303132643565663332303830356232653031346466316566636264333064
35393134643531636362353533363430623430633735343131333938663138383136376239393061
33313833396630373336643861306331373330623266623039343434303436383830356630336364
36623635666638643266353963353339353433343333343565313935653134636465616564366335
37323961353339376637643139353731663839336633396661386139656332343763366164633366
32643732386436623030383437346364393333666333353330363338313739383336663338303566
37663438653562666138336663393661646633333236353264663135363964633130663339666263
33376662353763646665333334623331623564333433356534363566383335646633653261653739
36613834343364643062653130626530356136646533353461653935313961613837336235373835
34373535336365646335393262326138363638393636623266656262613339323936326366303030
63383535623166663939373436386265643061643133333166366435323634336433646438383731
63356662633465363034646466656233383032393339613166386430303763313139333436383836
66326435343463376532326662386265636365663633376464326531646261373666383161353431
65336638646438363963393237373736633839646431313837363738666133333366356536663465
31346630393134363566346637643333626431353230663334303732386463336538336165363739
61383235383330333938306338666332303762346432396130393336383339376136653132303331
66633765336437623962316239346532303034663035393366613537663631306530626334613861
63323463313162303761613239663365643565326266646662376332623932643738313434316663
37653031663364663564643136303163613036313365346531353331333831613839313937353836
35643633353665373238393437303634333635393835326638626632643862376135633438366162
31376637333164303331626365626532376466393037373531366638666461363637616563313631
66316330346166636538636265393837656630343961356635373264323536313564313434633535
64343838313636626236633435353837613232663731663830336362613831383663636264353265
66386464383866316130353666396335393335363562313938333265373431383933393736366633
64353334336432623662353561643632343034656365373531613362376561663434616133323338
34326331333436636130316432653964616237383132633161316533613631646132333565316132
3262336364633765633632333561373461626133343631373363
